1 166 72 남자 56 69
2 174 57 남자 60 77
3 167 55 남자 57 74
4 166 75 남자 53 70
5 180 57 남자 59 75
6 176 53 남자 54 72
7 177 63 남자 53 75
8 183 74 남자 59 75
9 176 56 남자 61 71
10 172 61 남자 57 73
11 168 53 남자 54 72
12 178 64 남자 53 70
13 178 67 남자 59 73
14 167 71 남자 59 78
15 168 57 남자 61 77
16 181 78 남자 52 71
17 173 55 남자 52 71
18 169 68 남자 58 74
19 175 52 남자 52 69
20 171 58 남자 55 77
21 174 56 남자 56 73
22 181 79 남자 58 75
23 176 70 남자 56 78
24 171 58 남자 59 77
25 183 55 남자 61 70
26 178 72 남자 61 77
27 169 60 남자 59 75
28 178 54 남자 53 74
29 169 57 남자 52 78
30 182 61 남자 59 71
31 171 72 남자 53 75
32 180 79 남자 57 73
33 176 74 남자 52 69
34 166 74 남자 58 69
35 172 78 남자 59 76
36 182 61 남자 55 72
37 170 62 남자 61 77
38 166 69 남자 54 75
39 171 60 남자 55 77
40 165 60 남자 54 74
41 175 54 남자 56 76
42 173 54 남자 57 70
43 167 65 남자 53 75
44 179 65 남자 58 70
45 173 61 남자 60 73
46 166 72 남자 55 78
47 183 57 남자 52 77
48 172 52 남자 60 72
49 173 58 남자 59 70
50 175 64 남자 55 73
1 152 66 여자 55 59
2 143 55 여자 59 64
3 161 61 여자 54 66
4 147 73 여자 59 60
5 158 70 여자 53 61
6 146 51 여자 54 61
7 151 73 여자 58 66
8 143 63 여자 58 59
9 152 73 여자 59 65
10 155 45 여자 58 60
11 161 75 여자 50 65
12 161 67 여자 55 66
13 159 55 여자 52 62
14 155 74 여자 58 64
15 145 64 여자 55 61
16 152 68 여자 54 64
17 144 51 여자 52 59
18 144 71 여자 57 64
19 155 68 여자 55 60
20 143 75 여자 53 67
21 144 70 여자 51 67
22 158 69 여자 52 63
23 145 69 여자 58 64
24 160 56 여자 52 60
25 152 60 여자 51 67
26 159 64 여자 58 60
27 148 60 여자 54 67
28 144 71 여자 55 58
29 161 47 여자 59 61
30 162 63 여자 57 67
31 152 60 여자 56 67
32 156 52 여자 57 64
33 149 61 여자 58 60
34 158 49 여자 54 59
35 159 70 여자 56 61
36 156 65 여자 55 61
37 155 65 여자 52 63
38 156 56 여자 51 66
39 149 65 여자 51 62
40 159 55 여자 59 59
41 158 66 여자 53 64
42 147 66 여자 52 67
43 156 74 여자 54 58
44 148 48 여자 56 61
45 157 74 여자 58 66
46 150 61 여자 58 59
47 145 74 여자 57 62
48 157 46 여자 54 62
49 155 54 여자 53 58
50 150 70 여자 58 65